# Forced photometry light curve of ZTF18abktckv
# BJD mag mag_err PID
# 
2458228.95652 15.368 0.002 1
2458242.96557 15.363 0.002 1
2458256.92340 15.371 0.001 1
2458256.96525 15.365 0.001 1
2458257.89405 15.388 0.001 2
2458257.91312 15.364 0.001 2
2458257.92109 15.364 0.001 2
2458257.95457 15.384 0.001 2
2458257.96353 15.374 0.001 2
2458257.98101 15.373 0.001 2
2458259.96488 15.367 0.001 1
2458263.87878 15.374 0.003 2
2458263.92404 15.381 0.002 2
2458266.86003 15.341 0.003 2
2458266.88955 15.369 0.003 1
2458266.89045 15.372 0.003 2
2458268.89873 15.354 0.003 2
2458268.92550 15.372 0.002 2
2458268.94232 15.362 0.002 2
2458269.88197 15.370 0.005 2
2458269.91353 15.366 0.003 2
2458269.92346 15.351 0.002 2
2458269.92439 15.369 0.002 1
2458272.97862 15.348 0.002 1
2458275.90457 15.364 0.002 1
2458277.89381 15.375 0.001 2
2458277.90102 15.388 0.001 2
2458277.92504 15.372 0.001 2
2458279.90760 15.356 0.001 2
2458279.92656 15.365 0.001 2
2458280.85042 15.371 0.001 2
2458280.96822 15.370 0.001 2
2458281.86324 15.366 0.001 2
2458281.94690 15.378 0.001 1
2458281.94784 15.377 0.001 2
2458281.97921 15.369 0.002 2
2458283.86094 15.381 0.001 2
2458283.88725 15.354 0.001 2
2458283.98126 15.366 0.002 2
2458286.84499 15.370 0.001 2
2458286.96626 15.364 0.001 2
2458287.94542 15.356 0.001 1
2458288.83078 15.371 0.001 2
2458288.98130 15.367 0.002 2
2458289.83195 15.391 0.001 2
2458289.95960 15.364 0.001 2
2458289.96321 15.364 0.001 2
2458290.85845 15.358 0.001 2
2458290.88459 15.349 0.001 2
2458290.96698 15.366 0.001 1
2458290.96788 15.380 0.001 2
2458291.82258 15.372 0.002 2
2458291.96562 15.384 0.001 2
2458291.98505 15.348 0.002 2
2458292.83034 15.366 0.002 2
2458292.96470 15.373 0.001 2
2458293.82438 15.367 0.002 2
2458293.96539 15.360 0.001 2
2458293.96631 15.346 0.001 1
2458293.98419 15.370 0.002 2
2458294.96541 15.337 0.001 2
2458295.80182 15.353 0.003 2
2458296.82316 15.371 0.003 2
2458296.83934 15.374 0.003 2
2458296.84844 15.358 0.003 1
2458296.87676 15.366 0.002 2
2458297.83903 15.374 0.003 2
2458297.92272 15.371 0.002 2
2458299.94115 15.392 0.003 2
2458300.94108 15.391 0.002 1
2458303.84164 15.368 0.002 2
2458303.86159 15.345 0.002 1
2458303.87448 15.360 0.002 2
2458303.96532 15.361 0.002 2
2458304.86574 15.365 0.002 2
2458304.88543 15.341 0.002 2
2458304.90150 15.357 0.001 2
2458305.90316 15.361 0.002 2
2458305.92232 15.366 0.002 2
2458307.89864 15.347 0.001 2
2458307.90633 15.353 0.001 2
2458308.85944 15.373 0.010 2
2458310.90500 15.400 0.002 1
2458310.90592 15.403 0.002 2
2458310.92351 15.454 0.002 2
2458312.90472 15.347 0.001 2
2458312.93962 15.329 0.001 2
2458313.89998 15.372 0.001 1
2458313.90257 15.356 0.001 2
2458314.90302 15.366 0.002 2
2458314.92588 15.358 0.001 2
2458314.96118 15.336 0.001 2
2458315.86191 15.354 0.001 2
2458316.85601 15.350 0.001 2
2458316.94626 15.372 0.001 2
2458316.94730 15.371 0.001 1
2458317.90377 15.356 0.001 2
2458317.92652 15.345 0.002 2
2458318.86322 15.370 0.001 2
2458319.85279 15.368 0.001 2
2458319.85369 15.353 0.001 1
2458320.88576 15.357 0.001 2
2458321.96743 15.360 0.001 2
2458322.87065 15.341 0.001 2
2458322.89793 15.368 0.001 2
2458322.90304 15.355 0.001 1
2458322.90399 15.356 0.001 2
2458323.77144 15.372 0.002 2
2458323.96956 15.359 0.001 2
2458324.73994 15.374 0.004 2
2458325.75702 15.374 0.003 2
2458325.77811 15.364 0.003 1
2458325.78949 15.377 0.003 2
2458325.97334 15.369 0.003 2
2458326.86005 15.351 0.003 2
2458326.88325 15.356 0.003 2
2458326.92110 15.376 0.003 2
2458327.86007 15.330 0.003 2
2458327.88081 15.343 0.003 2
2458327.90246 15.377 0.004 2
2458328.84140 15.353 0.004 2
2458328.86025 15.378 0.003 1
2458328.86452 15.344 0.003 2
2458328.88544 15.338 0.003 2
2458329.86338 15.368 0.003 2
2458330.86180 15.380 0.003 2
2458330.88275 15.354 0.002 2
2458330.91045 15.383 0.002 2
2458331.88186 15.341 0.002 2
2458331.90450 15.351 0.002 2
2458334.86119 15.360 0.001 1
2458337.85866 15.330 0.001 1
2458340.88716 15.365 0.002 1
2458343.84423 15.364 0.001 1
2458346.88977 15.356 0.001 1
2458349.81754 15.352 0.001 2
2458349.82186 15.364 0.001 2
2458349.82278 15.350 0.001 1
2458349.83948 15.369 0.001 2
2458350.87070 15.370 0.001 2
2458350.88519 15.356 0.001 2
2458350.90329 15.351 0.001 2
2458351.71910 15.358 0.002 2
2458351.86572 15.359 0.001 2
2458351.88163 15.361 0.001 2
2458352.80168 15.357 0.002 1
2458352.80260 15.371 0.002 2
2458352.81923 15.366 0.002 2
2458353.69351 15.346 0.002 2
2458353.71785 15.349 0.002 2
2458353.84100 15.370 0.002 2
2458353.88712 15.372 0.002 2
2458353.92107 15.366 0.002 2
2458354.78421 15.356 0.002 2
2458354.79882 15.352 0.002 2
2458354.86181 15.389 0.002 2
2458354.89873 15.368 0.002 2
2458354.90235 15.374 0.002 2
2458355.77785 15.360 0.002 2
2458355.77877 15.370 0.002 1
2458355.79866 15.358 0.002 2
2458355.81914 15.393 0.002 2
2458355.92927 15.373 0.003 2
2458355.93018 15.379 0.003 1
2458355.95541 15.390 0.003 2
2458355.97706 15.362 0.004 2
2458356.69899 15.382 0.003 2
2458356.79732 15.351 0.003 2
2458356.79879 15.367 0.003 2
2458356.84026 15.381 0.003 2
2458357.71108 15.371 0.003 2
2458357.73328 15.359 0.003 2
2458357.81312 15.378 0.003 2
2458357.81968 15.371 0.002 2
2458357.86535 15.356 0.002 2
2458358.73611 15.359 0.003 2
2458358.75917 15.361 0.002 2
2458358.76011 15.351 0.002 1
2458358.77834 15.365 0.002 2
2458359.77974 15.355 0.002 2
2458359.80012 15.362 0.002 2
2458359.83490 15.360 0.002 2
2458359.84581 15.368 0.002 2
2458359.86943 15.347 0.002 2
2458359.88185 15.371 0.005 2
2458360.79615 15.367 0.002 2
2458360.80282 15.363 0.002 2
2458361.77918 15.356 0.001 1
2458361.78010 15.341 0.001 2
2458361.79894 15.348 0.002 2
2458362.83302 15.362 0.001 2
2458362.84550 15.365 0.001 2
2458362.86058 15.352 0.001 2
2458363.77576 15.346 0.001 2
2458363.79213 15.348 0.001 2
2458364.80039 15.349 0.001 2
2458364.80130 15.339 0.001 1
2458364.81999 15.349 0.001 2
2458364.85260 15.343 0.001 2
2458365.71104 15.355 0.001 2
2458365.84463 15.352 0.001 2
2458366.82676 15.365 0.001 2
2458366.84459 15.374 0.001 2
2458366.86052 15.347 0.001 2
2458367.82523 15.368 0.001 1
2458367.82717 15.349 0.001 2
2458367.85333 15.358 0.001 2
2458367.86107 15.360 0.001 2
2458368.78139 15.353 0.001 2
2458368.80180 15.355 0.001 2
2458368.81867 15.348 0.001 2
2458369.69601 15.355 0.001 2
2458369.87363 15.350 0.001 2
2458370.75729 15.361 0.001 2
2458370.77957 15.369 0.001 2
2458370.78048 15.356 0.001 1
2458370.79993 15.379 0.001 2
2458371.67728 15.365 0.001 2
2458371.80224 15.351 0.001 2
2458371.81886 15.361 0.001 2
2458372.80713 15.351 0.001 2
2458372.81967 15.352 0.001 2
2458372.83987 15.359 0.001 2
2458373.77976 15.358 0.001 2
2458373.78067 15.360 0.001 1
2458373.80271 15.362 0.001 2
2458373.81902 15.371 0.001 2
2458374.84998 15.378 0.001 2
2458374.86193 15.376 0.001 2
2458375.69509 15.358 0.001 2
2458375.84900 15.348 0.001 2
2458376.71245 15.382 0.001 2
2458376.71336 15.362 0.001 1
2458376.84842 15.353 0.001 2
2458377.69356 15.352 0.001 2
2458377.78217 15.355 0.001 2
2458377.80275 15.364 0.001 2
2458378.73730 15.358 0.002 2
2458378.75790 15.359 0.001 2
2458378.78134 15.364 0.001 2
2458379.75657 15.353 0.001 2
2458379.77799 15.361 0.001 2
2458379.80105 15.352 0.001 2
2458379.81341 15.365 0.001 1
2458380.77873 15.343 0.002 2
2458380.80137 15.335 0.002 2
2458382.67223 15.368 0.002 2
2458382.80694 15.356 0.002 2
2458382.80786 15.367 0.002 1
2458382.82584 15.359 0.002 2
2458383.80530 15.380 0.002 2
2458383.81961 15.376 0.002 2
2458383.84472 15.362 0.002 2
2458384.69532 15.346 0.003 2
2458385.73479 15.353 0.002 2
2458385.73849 15.341 0.002 1
2458385.73941 15.378 0.002 2
2458385.77583 15.355 0.003 2
2458386.75156 15.367 0.003 2
2458386.75800 15.367 0.002 2
2458386.78448 15.367 0.003 2
2458387.63282 15.366 0.002 2
2458387.67210 15.384 0.002 2
2458388.73333 15.359 0.002 2
2458388.73960 15.369 0.002 1
2458388.74104 15.368 0.002 2
2458388.75584 15.378 0.002 2
2458389.73812 15.384 0.002 2
2458389.76426 15.345 0.002 2
2458389.77658 15.335 0.002 2
2458390.67378 15.367 0.001 2
2458390.69373 15.368 0.001 2
2458390.73428 15.336 0.002 2
2458400.69087 15.375 0.001 1
2458400.69178 15.373 0.001 2
2458400.71080 15.363 0.001 2
2458400.71429 15.368 0.001 2
2458423.62728 15.381 0.002 2
2458423.63012 15.371 0.002 1
2458423.63103 15.370 0.002 2
2458424.61128 15.336 0.007 2
2458424.74246 15.361 0.004 2
2458425.60774 15.385 0.003 2
2458425.61161 15.357 0.002 2
2458425.71917 15.392 0.005 2
2458426.58845 15.423 0.009 2
2458426.61098 15.374 0.004 2
2458426.61190 15.385 0.009 1
2458426.64693 15.362 0.003 2
2458427.58832 15.370 0.002 2
2458427.61078 15.372 0.002 2
2458427.71860 15.377 0.015 2
2458428.58876 15.369 0.002 2
2458428.60930 15.376 0.002 2
2458428.74025 15.377 0.002 2
2458429.58792 15.381 0.001 2
2458429.63291 15.367 0.001 1
2458429.63383 15.365 0.001 2
2458430.58800 15.359 0.002 2
2458430.67725 15.365 0.001 2
2458430.69394 15.374 0.001 2
2458431.66684 15.359 0.002 2
2458431.67181 15.343 0.003 2
2458432.58897 15.367 0.002 2
2458432.61234 15.371 0.002 2
2458432.61325 15.369 0.002 1
2458432.63429 15.364 0.002 2
2458433.59172 15.369 0.002 2
2458433.60939 15.357 0.002 2
2458434.67593 15.352 0.002 2
2458434.71027 15.360 0.002 2
2458435.57579 15.319 0.004 2
2458435.58989 15.358 0.002 2
2458436.58735 15.339 0.009 2
2458436.60972 15.429 0.008 2
2458438.73895 15.355 0.025 1
2458456.64354 15.369 0.003 1
2458472.59551 15.365 0.002 1
2458475.63702 15.372 0.003 1
2458482.59777 15.391 0.003 1
2458488.60239 15.420 0.012 1
2458492.61073 15.292 0.087 1
2458574.01105 15.369 0.002 2
2458574.01592 15.399 0.003 2
2458574.02078 15.363 0.003 2
2458574.02566 15.403 0.004 2
2458574.98677 15.349 0.010 1
2458582.96381 15.362 0.002 1
2458593.94591 15.365 0.004 1
2458601.99161 15.354 0.003 1
2458607.98672 15.361 0.001 1
2458628.98242 15.359 0.002 1
2458634.93634 15.376 0.001 1
2458637.93676 15.357 0.001 1
2458640.96847 15.363 0.001 1
2458643.97710 15.359 0.001 1
2458645.83079 15.368 0.002 2
2458646.80538 15.359 0.008 2
2458646.96646 15.351 0.001 1
2458646.96742 15.369 0.001 2
2458646.98272 15.352 0.002 2
2458652.92529 15.377 0.003 1
2458655.90002 15.369 0.003 1
2458658.90394 15.368 0.001 1
2458661.92895 15.366 0.001 1
2458663.85408 15.371 0.002 2
2458663.92848 15.354 0.002 2
2458665.94056 15.372 0.001 1
2458667.80759 15.355 0.001 2
2458668.86168 15.361 0.001 1
2458669.92232 15.360 0.001 2
2458671.92067 15.370 0.002 1
2458672.98317 15.364 0.001 2
2458674.97042 15.373 0.001 1
2458675.77904 15.361 0.002 2
2458677.77983 15.358 0.002 2
2458677.79964 15.344 0.002 1
2458678.98793 15.368 0.001 2
2458679.98562 15.364 0.002 2
2458680.82100 15.352 0.003 1
2458683.90609 15.366 0.002 1
2458686.81807 15.365 0.002 1
2458688.90289 15.390 0.001 2
2458691.89772 15.358 0.001 2
2458692.84174 15.374 0.001 2
2458693.86303 15.366 0.001 1
2458693.86400 15.379 0.001 2
2458695.84368 15.352 0.001 2
2458696.86750 15.346 0.001 2
2458696.86840 15.358 0.001 1
2458697.90501 15.373 0.001 2
2458698.90868 15.365 0.001 2
2458699.87973 15.360 0.001 2
2458700.92022 15.377 0.001 2
2458701.89061 15.368 0.001 2
2458702.89327 15.344 0.002 2
2458703.91083 15.372 0.001 2
2458703.91175 15.372 0.001 1
2458705.67678 15.366 0.002 2
2458706.89958 15.367 0.001 1
2458706.90051 15.355 0.002 2
2458707.69061 15.370 0.002 2
2458709.00911 15.357 0.002 2
2458710.67572 15.346 0.003 1
2458711.67553 15.377 0.003 1
2458711.90889 15.375 0.003 2
2458713.67541 15.444 0.009 1
2458714.67573 15.366 0.001 1
2458715.75893 15.372 0.002 1
2458716.78002 15.365 0.001 1
2458717.75903 15.364 0.001 1
2458717.81985 15.361 0.002 2
2458718.78025 15.361 0.001 1
2458719.75924 15.376 0.002 1
2458719.87706 15.366 0.002 2
2458720.77998 15.370 0.001 1
2458720.87757 15.386 0.002 2
2458721.75920 15.346 0.003 1
2458722.75915 15.375 0.001 1
2458722.81247 15.379 0.002 2
2458723.78397 15.372 0.001 1
2458723.88068 15.363 0.001 2
2458724.78404 15.353 0.001 1
2458725.75794 15.388 0.001 1
2458726.75899 15.359 0.001 1
2458727.78384 15.369 0.001 1
2458730.75936 15.356 0.001 1
2458730.89448 15.385 0.001 2
2458732.75827 15.378 0.001 1
2458733.75787 15.368 0.001 1
2458734.75917 15.359 0.002 1
2458734.83558 15.376 0.002 2
2458735.75786 15.372 0.002 1
2458735.82147 15.375 0.002 2
2458736.76808 15.407 0.002 1
2458737.78338 15.358 0.002 1
2458743.84589 15.363 0.003 1
2458743.85707 15.367 0.003 2
2458744.87054 15.380 0.002 2
2458745.84220 15.356 0.002 2
2458747.76190 15.388 0.001 2
2458748.80005 15.368 0.003 2
2458748.81851 15.387 0.001 2
2458749.77216 15.355 0.001 2
2458749.77844 15.387 0.001 2
2458750.76778 15.382 0.002 2
2458750.78498 15.360 0.002 2
2458750.78589 15.363 0.002 1
2458750.80572 15.373 0.002 2
2458751.77950 15.376 0.002 2
2458751.80503 15.360 0.002 2
2458754.65047 15.371 0.001 2
2458757.78730 15.372 0.002 1
2458757.79024 15.362 0.002 2
2458757.80383 15.373 0.002 2
2458758.78344 15.356 0.001 2
2458758.80115 15.371 0.001 2
2458758.81947 15.358 0.001 2
2458759.77879 15.388 0.002 2
2458759.79843 15.365 0.001 2
2458760.77198 15.377 0.001 1
2458760.77346 15.369 0.001 2
2458760.78183 15.372 0.001 2
2458760.81421 15.367 0.001 2
2458761.71327 15.374 0.002 2
2458762.62248 15.367 0.002 2
2458762.63074 15.393 0.002 2
2458763.75792 15.368 0.002 2
2458763.76721 15.363 0.002 1
2458763.77661 15.340 0.002 2
2458763.79991 15.392 0.002 2
2458765.69333 15.370 0.002 2
2458766.62286 15.371 0.003 1
2458766.62377 15.365 0.003 2
2458766.69090 15.383 0.003 2
2458767.68878 15.381 0.005 2
2458767.69578 15.370 0.003 2
2458768.70598 15.370 0.003 2
2458769.60381 15.356 0.003 2
2458769.62088 15.354 0.003 1
2458769.62377 15.364 0.003 2
2458770.74665 15.361 0.003 2
2458770.75782 15.352 0.003 2
2458771.59950 15.370 0.002 2
2458771.76024 15.376 0.003 2
2458771.78353 15.373 0.003 2
2458776.69880 15.358 0.002 1
2458779.71416 15.355 0.002 1
2458782.69075 15.355 0.002 1
2458785.73913 15.382 0.002 1
2458791.62543 15.390 0.002 1
2458792.64104 15.401 0.002 1
2458794.61088 15.372 0.002 1
2458797.58885 15.351 0.002 1
2458799.72068 15.359 0.004 1
2458800.76984 15.370 0.004 1
2458803.57493 15.421 0.030 1
2458811.61535 15.283 0.003 1
2458814.64414 15.387 0.003 1
2458819.60500 15.381 0.005 1
2458820.59207 15.430 0.011 1
2458829.57352 15.375 0.004 1
2458833.57511 15.373 0.002 1
2458839.57368 15.372 0.049 1
2458851.59562 15.393 0.012 1
2458854.61026 15.381 0.005 1
2458872.59041 15.355 0.003 2
2458872.59541 15.387 0.004 2
2458872.60040 15.371 0.003 2
2458872.60539 15.361 0.004 2
2458942.02341 15.350 0.005 1
2458964.94979 15.370 0.002 1
2458968.91662 15.350 0.002 1
2458972.93069 15.371 0.002 1
2458975.94179 15.351 0.003 1
2458978.98875 15.317 0.004 1
2458981.94982 15.361 0.002 1
2458992.95594 15.359 0.001 1
2458993.97936 15.360 0.001 1
2458995.97395 15.367 0.001 1
2458998.96845 15.357 0.001 1
2459001.94952 15.367 0.002 1
2459013.84550 15.372 0.002 1
2459016.96801 15.368 0.001 1
2459023.89953 15.367 0.001 3
2459023.89999 15.371 0.001 3
2459023.90047 15.351 0.001 3
2459023.90093 15.349 0.001 3
2459023.90139 15.352 0.001 3
2459023.90187 15.354 0.001 3
2459023.90233 15.362 0.001 3
2459023.90281 15.364 0.001 3
2459023.90327 15.385 0.001 3
2459023.90374 15.358 0.001 3
2459023.90421 15.371 0.001 3
2459023.90467 15.357 0.001 3
2459023.90515 15.346 0.001 3
2459023.90562 15.354 0.001 3
2459023.90608 15.352 0.001 3
2459023.90656 15.358 0.001 3
2459023.90702 15.373 0.001 3
2459023.90749 15.360 0.001 3
2459023.90796 15.391 0.001 3
2459023.90842 15.389 0.001 3
2459023.90890 15.349 0.001 3
2459023.90937 15.361 0.001 3
2459023.90983 15.362 0.001 3
2459023.91030 15.374 0.001 3
2459023.91077 15.368 0.001 3
2459023.91123 15.383 0.001 3
2459023.91171 15.374 0.001 3
2459023.91217 15.377 0.001 3
2459023.91263 15.350 0.001 3
2459023.91311 15.363 0.001 3
2459023.91357 15.381 0.001 3
2459023.91405 15.358 0.001 3
2459023.91452 15.378 0.001 3
2459023.91498 15.373 0.001 3
2459023.91546 15.363 0.001 3
2459023.91592 15.346 0.001 3
2459023.91640 15.366 0.001 3
2459023.91686 15.356 0.001 3
2459023.91733 15.381 0.001 3
2459023.91780 15.375 0.001 3
2459023.91827 15.353 0.001 3
2459023.91873 15.360 0.001 3
2459023.91920 15.361 0.001 3
2459023.91967 15.352 0.001 3
2459023.92013 15.362 0.001 3
2459023.92061 15.335 0.001 3
2459023.92107 15.344 0.001 3
2459023.92154 15.381 0.001 3
2459023.92201 15.365 0.001 3
2459023.92247 15.352 0.001 3
2459023.92295 15.370 0.001 3
2459023.92341 15.358 0.001 3
2459023.92387 15.364 0.001 3
2459023.92435 15.363 0.001 3
2459023.92481 15.372 0.001 3
2459023.92529 15.385 0.001 3
2459023.92575 15.347 0.001 3
2459023.92622 15.352 0.001 3
2459023.92669 15.348 0.001 3
2459023.92715 15.375 0.001 3
2459023.92762 15.360 0.001 3
2459023.92809 15.362 0.001 3
2459023.92855 15.344 0.001 3
2459023.92902 15.359 0.001 3
2459023.92949 15.362 0.001 3
2459023.92996 15.365 0.001 3
2459023.93044 15.363 0.001 3
2459023.93090 15.361 0.001 3
2459023.93136 15.358 0.001 3
2459023.93184 15.367 0.001 3
2459023.93230 15.358 0.001 3
2459023.93277 15.368 0.001 3
2459023.93324 15.376 0.001 3
2459023.93370 15.375 0.001 3
2459023.93417 15.363 0.001 3
2459023.93464 15.363 0.001 3
2459023.93511 15.388 0.001 3
2459023.93559 15.355 0.001 3
2459023.93605 15.387 0.001 3
2459023.93651 15.360 0.001 3
2459023.93699 15.367 0.001 3
2459023.93745 15.358 0.001 3
2459023.93793 15.352 0.001 3
2459023.93839 15.355 0.001 3
2459023.93885 15.340 0.001 3
2459023.93933 15.354 0.001 3
2459023.93979 15.344 0.001 3
2459023.94026 15.363 0.001 3
2459023.94073 15.345 0.001 3
2459023.94120 15.366 0.001 3
2459023.94166 15.377 0.001 3
2459023.94214 15.368 0.001 3
2459023.94260 15.380 0.001 3
2459023.94308 15.368 0.001 3
2459023.94354 15.365 0.001 3
2459023.94401 15.376 0.001 3
2459023.94448 15.357 0.001 3
2459023.94495 15.370 0.001 3
2459023.94541 15.365 0.001 3
2459023.94588 15.361 0.001 3
2459023.94635 15.361 0.001 3
2459023.94681 15.356 0.001 3
2459023.94729 15.364 0.001 3
2459023.94775 15.347 0.001 3
2459023.94823 15.365 0.001 3
2459023.94869 15.356 0.001 3
2459023.94915 15.372 0.001 3
2459023.94963 15.347 0.001 3
2459023.95009 15.368 0.001 3
2459023.95056 15.363 0.001 3
2459023.95103 15.375 0.001 3
2459023.95149 15.361 0.001 3
2459023.95197 15.345 0.001 3
2459023.95243 15.378 0.001 3
2459023.95290 15.358 0.001 3
2459023.95337 15.364 0.001 3
2459023.95384 15.365 0.001 3
2459023.95430 15.374 0.001 3
2459023.95477 15.372 0.001 3
2459023.95524 15.372 0.001 3
2459023.95570 15.361 0.001 3
2459023.95618 15.363 0.001 3
2459023.95664 15.371 0.001 3
2459023.95712 15.355 0.001 3
2459023.95758 15.346 0.001 3
2459023.95805 15.363 0.001 3
2459023.95852 15.366 0.001 3
2459023.95899 15.361 0.001 3
2459023.95945 15.363 0.001 3
2459023.95992 15.371 0.001 3
2459023.96039 15.364 0.001 3
2459023.96085 15.355 0.001 3
2459023.96132 15.354 0.001 3
2459024.98428 15.366 0.002 1
2459025.89859 15.354 0.001 1
2459028.96497 15.349 0.001 1
2459035.87824 15.362 0.003 1
2459036.87650 15.359 0.002 1
2459038.87530 15.377 0.002 1
2459042.98737 15.354 0.002 1
2459044.88635 15.354 0.001 1
2459044.98306 15.368 0.001 1
2459046.93335 15.361 0.001 1
2459047.90573 15.374 0.001 1
2459048.85674 15.371 0.001 1
2459050.95349 15.357 0.001 1
2459051.89915 15.361 0.001 1
2459052.90007 15.382 0.001 1
2459053.95091 15.346 0.001 1
2459054.88909 15.372 0.001 1
2459055.87948 15.357 0.001 1
2459056.88396 15.367 0.001 1
2459057.87438 15.355 0.001 1
2459059.83357 15.383 0.001 1
2459059.86075 15.343 0.001 1
2459061.78697 15.330 0.002 1
2459062.82119 15.374 0.002 1
2459063.81353 15.354 0.002 1
2459064.86793 15.367 0.003 1
2459065.88696 15.361 0.003 1
2459065.90921 15.357 0.003 1
2459068.86021 15.374 0.002 1
2459068.86813 15.367 0.002 1
2459069.95300 15.368 0.002 1
2459071.89978 15.379 0.001 1
2459072.83819 15.382 0.001 1
2459075.81734 15.369 0.001 1
2459076.87664 15.374 0.001 1
2459078.79922 15.369 0.001 1
2459078.81346 15.359 0.001 1
2459079.87297 15.377 0.001 1
2459080.83762 15.361 0.002 1
2459081.87051 15.371 0.001 1
2459086.85625 15.376 0.001 1
2459087.77607 15.361 0.002 1
2459087.81516 15.365 0.001 1
2459094.82695 15.378 0.004 1
2459094.83211 15.379 0.005 1
2459096.69526 15.352 0.003 2
2459096.79868 15.369 0.002 3
2459096.81929 15.359 0.002 1
2459097.77458 15.364 0.002 2
2459097.78162 15.352 0.002 1
2459097.78255 15.355 0.002 3
2459097.96629 15.426 0.004 2
2459098.81564 15.377 0.002 2
2459098.82566 15.373 0.002 3
2459098.85842 15.377 0.002 1
2459098.88975 15.349 0.002 2
2459099.71998 15.366 0.001 2
2459099.72186 15.371 0.002 3
2459099.82260 15.364 0.002 1
2459099.84554 15.361 0.002 2
2459102.91368 15.349 0.009 2
2459106.69505 15.355 0.002 2
2459106.72978 15.372 0.002 3
2459106.73165 15.351 0.002 1
2459106.85693 15.379 0.002 2
2459107.77392 15.395 0.002 2
2459107.78412 15.355 0.002 3
2459107.80735 15.369 0.002 2
2459109.68571 15.364 0.002 3
2459109.68671 15.359 0.002 2
2459109.68765 15.352 0.002 1
2459109.75564 15.400 0.001 2
2459110.73919 15.369 0.002 2
2459110.75566 15.387 0.002 3
2459110.78583 15.361 0.002 2
2459110.79677 15.354 0.002 1
2459111.75145 15.376 0.001 3
2459111.75239 15.381 0.001 2
2459111.94232 15.357 0.002 2
2459112.69480 15.361 0.001 1
2459112.71033 15.364 0.001 3
2459112.84974 15.365 0.001 2
2459113.65419 15.351 0.001 2
2459113.77432 15.361 0.001 3
2459113.79667 15.373 0.001 1
2459113.80354 15.376 0.001 2
2459114.79681 15.376 0.001 2
2459114.80400 15.366 0.001 3
2459114.80494 15.376 0.001 2
2459115.78913 15.386 0.001 3
2459115.79006 15.369 0.001 2
2459115.79100 15.376 0.001 1
2459116.83400 15.357 0.001 3
2459116.84377 15.356 0.001 2
2459117.64797 15.378 0.002 2
2459117.84783 15.344 0.001 2
2459117.84876 15.369 0.001 3
2459118.71791 15.368 0.002 2
2459118.77829 15.379 0.002 1
2459118.82590 15.361 0.002 2
2459119.65363 15.351 0.002 2
2459119.88975 15.384 0.002 2
2459120.69687 15.343 0.002 2
2459121.65318 15.402 0.002 2
2459121.70265 15.367 0.002 3
2459121.70358 15.388 0.002 2
2459122.69673 15.342 0.003 2
2459122.71646 15.374 0.003 2
2459123.80209 15.359 0.004 1
2459123.80542 15.356 0.004 3
2459123.84050 15.390 0.004 2
2459124.74016 15.387 0.003 3
2459124.76238 15.374 0.003 2
2459124.77964 15.356 0.003 1
2459124.90211 15.333 0.004 2
2459125.60686 15.362 0.002 2
2459125.76226 15.378 0.002 1
2459125.76322 15.359 0.002 3
2459126.69203 15.380 0.002 3
2459126.87538 15.385 0.003 1
2459127.77181 15.319 0.016 3
2459127.88633 15.467 0.009 2
2459128.75133 15.370 0.002 3
2459128.75232 15.362 0.002 2
2459128.88826 15.351 0.005 2
2459129.70375 15.360 0.001 3
2459129.70468 15.353 0.001 2
2459129.70562 15.356 0.001 1
2459129.75974 15.356 0.002 2
2459130.70883 15.366 0.001 3
2459130.76896 15.377 0.001 2
2459130.80484 15.353 0.001 2
2459131.73016 15.361 0.001 3
2459131.73110 15.364 0.001 1
2459134.65368 15.386 0.001 1
2459134.65462 15.350 0.001 3
2459134.65652 15.367 0.001 2
2459134.69872 15.354 0.001 2
2459135.64855 15.372 0.001 2
2459135.76274 15.362 0.001 3
2459135.77028 15.379 0.001 2
2459136.65856 15.357 0.001 2
2459136.67568 15.373 0.001 3
2459136.67674 15.366 0.001 1
2459137.68137 15.362 0.001 2
2459137.68231 15.364 0.001 3
2459137.70651 15.359 0.001 2
2459138.62725 15.376 0.001 2
2459138.63883 15.354 0.001 3
2459138.65029 15.350 0.001 1
2459138.81162 15.371 0.002 2
2459139.73973 15.376 0.001 2
2459139.76405 15.359 0.001 3
2459139.76504 15.373 0.002 2
2459140.64029 15.384 0.001 3
2459140.64123 15.379 0.001 1
2459140.64217 15.376 0.001 2
2459140.75791 15.345 0.001 2
2459141.65006 15.353 0.001 2
2459141.66735 15.353 0.001 3
2459141.67507 15.391 0.001 2
2459142.64622 15.368 0.001 2
2459143.72436 15.363 0.001 2
2459144.69803 15.373 0.002 3
2459144.70620 15.388 0.001 1
2459144.73075 15.338 0.001 2
2459145.66362 15.351 0.001 3
2459145.67991 15.382 0.001 2
2459146.62349 15.339 0.010 2
2459146.62443 15.374 0.007 1
2459146.69928 15.357 0.002 2
2459147.79020 15.365 0.003 3
2459147.81826 15.355 0.004 2
2459149.60238 15.359 0.003 2
2459149.63386 15.358 0.005 3
2459149.63483 15.363 0.004 1
2459149.69453 15.357 0.003 2
2459150.61158 15.367 0.002 2
2459150.71131 15.361 0.002 3
2459150.81515 15.370 0.003 2
2459151.62607 15.365 0.002 1
2459151.62700 15.353 0.002 3
2459152.69110 15.361 0.002 2
2459152.72310 15.389 0.002 2
2459153.59318 15.358 0.002 2
2459153.61445 15.377 0.002 1
2459153.82021 15.372 0.004 2
2459154.64906 15.348 0.002 2
2459154.68241 15.368 0.003 3
2459154.71854 15.362 0.003 2
2459155.59918 15.355 0.002 2
2459155.60927 15.298 0.002 3
2459155.61029 15.337 0.002 1
2459155.79497 15.376 0.003 2
2459158.62465 15.372 0.001 2
2459158.63126 15.370 0.002 1
2459158.63313 15.353 0.002 3
2459158.72552 15.382 0.002 2
2459164.63517 15.367 0.001 2
2459164.65953 15.369 0.002 1
2459165.59974 15.358 0.001 3
2459165.60067 15.360 0.001 2
2459165.72502 15.362 0.001 2
2459167.60455 15.382 0.002 2
2459167.61236 15.357 0.001 3
2459167.61772 15.359 0.002 1
2459167.71503 15.366 0.002 2
2459168.61503 15.356 0.002 3
2459168.61596 15.371 0.002 2
2459168.63491 15.355 0.001 2
2459169.63510 15.351 0.002 3
2459169.63602 15.366 0.002 2
2459169.63696 15.361 0.002 1
2459169.69912 15.369 0.002 2
2459170.61858 15.367 0.001 2
2459170.63426 15.383 0.001 3
2459170.63519 15.358 0.002 2
2459171.60216 15.383 0.001 2
2459171.61470 15.342 0.001 3
2459171.62330 15.377 0.001 1
2459172.63820 15.367 0.001 2
2459172.63914 15.363 0.002 3
2459173.60131 15.360 0.001 2
2459173.61627 15.367 0.001 1
2459173.61721 15.367 0.001 3
2459173.73907 15.389 0.002 2
2459174.60486 15.368 0.003 3
2459174.60580 15.374 0.002 2
2459175.61177 15.375 0.002 2
2459175.65692 15.401 0.009 2
2459175.75130 15.329 0.017 1
2459175.75176 15.421 0.018 3
2459177.59427 15.360 0.002 3
2459177.59524 15.351 0.002 1
2459178.60083 15.379 0.002 2
2459179.59097 15.381 0.002 1
2459179.60057 15.379 0.002 3
2459179.61760 15.356 0.002 2
2459180.70595 15.355 0.005 2
2459180.70642 15.385 0.005 3
2459181.57082 15.374 0.003 2
2459181.59223 15.381 0.003 3
2459181.60057 15.371 0.003 1
2459182.60563 15.360 0.003 2
2459183.57619 15.365 0.003 1
2459183.57713 15.371 0.002 2
2459185.63266 15.362 0.002 3
2459185.63971 15.369 0.002 1
2459185.64064 15.363 0.002 2
2459187.71776 15.380 0.007 2
2459189.67664 15.371 0.002 1
2459189.67757 15.376 0.002 3
2459190.61699 15.361 0.002 3
2459192.61203 15.345 0.004 3
2459192.62236 15.402 0.057 1
2459194.61070 15.382 0.001 3
2459194.61782 15.378 0.002 1
2459195.62148 15.355 0.004 3
2459197.69378 15.404 0.006 3
2459197.69485 15.384 0.008 1
2459198.62225 15.357 0.002 3
2459199.59546 15.362 0.002 1
2459199.60159 15.375 0.002 3
2459200.60048 15.375 0.003 3
2459202.60211 15.368 0.002 1
2459203.61722 15.362 0.002 3
2459204.63504 15.370 0.003 1
2459204.63598 15.369 0.003 3
2459205.63718 15.368 0.002 3
2459206.60065 15.394 0.015 1
2459211.64447 15.357 0.004 3
2459218.63167 15.363 0.003 1
2459279.04573 15.373 0.006 1
2459279.04810 15.360 0.009 1
2459281.03827 15.346 0.005 1
2459281.04071 15.380 0.004 1
2459281.04314 15.375 0.006 1
2459281.04557 15.402 0.008 1
2459281.04802 15.426 0.013 1
2459283.03861 15.342 0.003 1
2459283.04104 15.373 0.003 1
2459283.04347 15.328 0.003 1
2459283.04590 15.379 0.004 1
2459291.03164 15.369 0.002 1
2459291.03404 15.339 0.003 1
2459291.03644 15.368 0.004 1
2459291.03883 15.378 0.004 1
2459292.02990 15.361 0.003 1
2459292.03230 15.391 0.003 1
2459292.03470 15.363 0.003 1
2459292.03710 15.360 0.004 1
2459298.01987 15.344 0.003 1
2459298.02235 15.345 0.003 1
2459298.02481 15.345 0.003 1
2459298.02729 15.369 0.003 1
2459298.02975 15.328 0.003 1
2459301.01175 15.348 0.006 1
2459301.01421 15.347 0.005 1
2459301.01668 15.364 0.005 1
2459301.01915 15.325 0.004 1
2459301.02162 15.369 0.004 1
2459302.01056 15.355 0.005 1
2459302.01302 15.366 0.005 1
2459302.01549 15.367 0.004 1
2459302.01796 15.360 0.005 1
2459302.02043 15.370 0.005 1
2459303.00905 15.348 0.004 1
2459303.01156 15.345 0.003 1
2459303.01404 15.352 0.003 1
2459303.01654 15.355 0.004 1
2459303.01904 15.343 0.003 1
2459304.00752 15.345 0.004 1
2459304.01001 15.352 0.004 1
2459304.01251 15.329 0.003 1
2459304.01501 15.340 0.004 1
2459304.01751 15.361 0.004 1
2459305.01014 15.367 0.007 1
2459305.01267 15.377 0.007 1
2459305.01518 15.378 0.008 1
2459306.00677 15.354 0.003 1
2459306.00928 15.354 0.003 1
2459306.01181 15.358 0.003 1
2459306.01432 15.376 0.003 1
2459306.01684 15.357 0.003 1
2459307.00413 15.341 0.002 1
2459307.00665 15.336 0.002 1
2459307.00916 15.346 0.002 1
2459307.01169 15.351 0.002 1
2459307.01421 15.358 0.002 1
2459317.94177 15.349 0.003 1
2459322.98918 15.341 0.002 1
2459325.98181 15.354 0.002 1
2459336.97119 15.347 0.002 1
2459339.97469 15.353 0.002 1
2459342.94939 15.361 0.001 1
2459345.97040 15.351 0.001 1
2459348.92654 15.362 0.001 1
2459352.93059 15.364 0.001 1
2459356.88352 15.347 0.003 1
2459359.93205 15.343 0.003 1
2459362.95992 15.350 0.002 1
2459365.92853 15.331 0.002 1
2459367.90908 15.323 0.002 1
2459368.92779 15.339 0.001 2
2459369.94598 15.326 0.001 1
2459371.94633 15.331 0.001 1
2459374.94534 15.310 0.003 1
2459376.95756 15.335 0.001 1
2459379.91550 15.311 0.001 1
2459381.90603 15.287 0.004 1
2459384.87192 15.296 0.002 1
2459387.94268 15.283 0.002 1
2459391.90410 15.261 0.002 1
2459393.90489 15.257 0.002 1
2459397.88971 15.198 0.002 1
2459402.91128 14.835 0.002 1
2459404.93890 15.092 0.002 1
2459406.84605 15.126 0.002 1
2459408.92525 14.908 0.003 1
2459410.91725 15.087 0.002 1
2459412.89931 15.019 0.002 1
2459418.86370 14.883 0.003 1
2459422.88925 14.757 0.002 1
2459424.83270 14.684 0.002 1
2459428.85674 14.507 0.002 1
2459430.84892 14.417 0.002 1
2459438.83035 14.204 0.002 1
2459440.80843 14.098 0.002 1
2459442.85253 14.174 0.002 1
2459444.76387 14.271 0.002 1
2459447.78168 14.447 0.002 1
2459450.85522 14.615 0.004 1
2459453.78503 14.713 0.002 1
2459455.76371 14.786 0.002 1
2459459.74608 14.940 0.002 1
2459461.78401 14.973 0.002 1
2459463.76304 15.015 0.002 1
2459465.70572 15.081 0.002 1
2459467.75348 15.085 0.002 1
2459469.70394 15.121 0.002 1
2459473.93699 15.189 0.002 1
2459476.81412 15.208 0.002 1
2459478.71994 15.230 0.003 1
2459480.72041 15.222 0.002 1
2459485.71788 15.274 0.002 1
2459487.74496 15.297 0.001 1
2459489.76985 15.297 0.001 1
2459491.69635 15.320 0.001 1
2459502.70337 15.333 0.002 1
2459504.78900 15.343 0.003 1
2459517.61304 15.333 0.001 1
2459520.72200 15.345 0.001 1
2459522.68111 15.352 0.001 1
2459524.67733 15.344 0.001 1
2459526.64686 15.361 0.001 1
2459529.65510 15.352 0.002 1
2459531.64681 15.358 0.002 1
2459537.68517 15.360 0.008 1
2459540.64146 15.369 0.003 1
2459542.66003 15.368 0.001 2
2459543.61651 15.366 0.002 1
