# Forced photometry light curve of ZTF18abktckv
# BJD mag mag_err PID
# 
2458274.86161 15.136 0.004 2
2458280.88285 15.158 0.002 2
2458285.96536 15.164 0.002 2
2458289.84486 15.151 0.002 2
2458295.84268 15.151 0.002 2
2458299.82050 15.147 0.003 2
2458303.88341 15.182 0.002 2
2458307.92538 15.158 0.002 2
2458312.89031 15.174 0.002 2
2458320.73935 15.167 0.003 2
2458325.89703 15.148 0.003 2
2458340.66942 15.150 0.003 2
2458344.82240 15.190 0.002 2
2458348.67796 15.212 0.004 2
2458362.81236 15.170 0.002 2
2458366.77973 15.153 0.002 2
2458370.83640 15.142 0.002 2
2458374.81486 15.160 0.002 2
2458378.86683 15.151 0.002 2
2458387.80322 15.177 0.003 2
2458397.80721 15.191 0.002 2
2458422.78901 15.154 0.004 2
2458426.58109 15.138 0.003 2
2458426.79096 15.092 0.004 2
2458430.71946 15.181 0.002 2
2458434.72800 15.165 0.003 2
2458639.97798 15.179 0.002 2
2458648.80399 15.157 0.003 2
2458653.96636 15.164 0.003 2
2458658.92570 15.188 0.002 2
2458662.84579 15.172 0.002 2
2458666.94441 15.179 0.002 2
2458668.98884 15.170 0.003 2
2458670.90810 15.182 0.002 2
2458672.95968 15.168 0.002 2
2458676.94649 15.188 0.002 2
2458682.95517 15.162 0.003 2
2458686.94435 15.124 0.003 2
2458690.82456 15.199 0.001 2
2458697.95658 15.156 0.002 2
2458701.90774 15.162 0.003 2
2458705.94099 15.155 0.002 2
2458709.93161 15.156 0.003 2
2458713.93526 15.164 0.003 2
2458718.89022 15.181 0.002 2
2458724.83831 15.190 0.002 2
2458732.82635 15.150 0.002 2
2458736.82458 15.161 0.003 2
2458744.85067 15.171 0.002 2
2458748.78706 15.158 0.002 2
2458757.77410 15.165 0.002 2
2458761.81273 15.172 0.002 2
2458765.81046 15.160 0.002 2
2458769.80846 15.155 0.004 2
2458965.96697 15.149 0.002 2
2458972.98589 15.156 0.002 2
2458976.92539 15.158 0.003 2
2458993.94363 15.160 0.002 2
2458998.91328 15.154 0.002 2
2459004.89288 15.178 0.003 2
2459008.98143 15.144 0.003 2
2459012.96318 15.133 0.002 2
2459018.82380 15.186 0.002 2
2459023.85934 15.138 0.003 2
2459027.82826 15.161 0.002 2
2459032.80267 15.174 0.003 2
2459036.84812 15.133 0.003 2
2459040.84780 15.174 0.002 2
2459044.80511 15.146 0.002 2
2459048.84465 15.138 0.002 2
2459052.84090 15.173 0.002 2
2459056.81988 15.186 0.002 2
2459060.78285 15.144 0.002 2
2459064.77201 15.166 0.004 2
2459068.82019 15.152 0.002 2
2459072.77820 15.194 0.001 2
2459080.77915 15.146 0.002 2
2459085.77852 15.138 0.002 2
2459089.70834 15.154 0.002 2
2459093.77691 15.171 0.003 2
2459096.73661 15.131 0.002 2
2459096.76127 15.136 0.002 2
2459097.86270 15.166 0.003 2
2459097.87240 15.179 0.002 2
2459097.88559 15.133 0.002 2
2459098.76168 15.158 0.002 2
2459098.79451 15.158 0.002 2
2459099.76100 15.157 0.002 2
2459099.78246 15.148 0.001 2
2459106.74097 15.157 0.002 2
2459106.74209 15.142 0.002 2
2459106.77373 15.183 0.002 2
2459107.71499 15.141 0.002 2
2459107.74078 15.172 0.001 2
2459108.82412 15.158 0.001 2
2459108.84079 15.191 0.001 2
2459109.76178 15.130 0.001 2
2459109.78230 15.183 0.001 2
2459110.69483 15.135 0.002 2
2459110.71860 15.163 0.002 2
2459110.72006 15.149 0.002 2
2459111.78234 15.160 0.001 2
2459111.80213 15.165 0.001 2
2459112.74014 15.195 0.001 2
2459112.76140 15.190 0.001 2
2459113.71932 15.164 0.001 2
2459113.74078 15.148 0.001 2
2459114.76043 15.169 0.001 2
2459114.76154 15.156 0.002 2
2459114.86567 15.161 0.001 2
2459115.61614 15.134 0.002 2
2459116.65688 15.145 0.002 2
2459116.67321 15.136 0.002 2
2459117.67378 15.168 0.001 2
2459117.69419 15.212 0.001 2
2459118.65658 15.185 0.001 2
2459118.67481 15.175 0.001 2
2459118.67626 15.160 0.002 2
2459119.78223 15.153 0.001 2
2459119.80351 15.166 0.001 2
2459120.65261 15.143 0.002 2
2459120.67372 15.151 0.002 2
2459121.71647 15.133 0.002 2
2459121.76013 15.152 0.002 2
2459122.65240 15.221 0.004 2
2459122.65385 15.196 0.002 2
2459122.67378 15.134 0.002 2
2459123.71940 15.172 0.002 2
2459123.73990 15.145 0.002 2
2459124.67771 15.118 0.002 2
2459124.69786 15.161 0.002 2
2459125.84140 15.164 0.002 2
2459125.86105 15.161 0.002 2
2459127.84447 15.161 0.014 2
2459127.84558 15.197 0.011 2
2459127.86410 15.151 0.025 2
2459128.71873 15.190 0.001 2
2459129.65191 15.138 0.001 2
2459131.78088 15.169 0.002 2
2459131.78295 15.162 0.001 2
2459134.84247 15.156 0.002 2
2459137.78043 15.193 0.002 2
2459137.78154 15.159 0.003 2
2459138.65229 15.142 0.001 2
2459139.67146 15.194 0.001 2
2459140.82279 15.174 0.002 2
2459141.76232 15.159 0.002 2
2459141.76390 15.150 0.001 2
2459142.80073 15.149 0.002 2
2459143.73945 15.177 0.001 2
2459144.76025 15.180 0.001 2
2459145.80071 15.175 0.001 2
2459145.80135 15.146 0.002 2
2459146.65653 15.164 0.090 2
2459149.65623 15.155 0.003 2
2459149.66468 15.136 0.004 2
2459150.82147 15.163 0.003 2
2459152.65324 15.167 0.001 2
2459153.75852 15.161 0.003 2
2459153.75998 15.142 0.002 2
2459155.80124 15.144 0.002 2
2459156.73776 15.162 0.002 2
2459157.75827 15.151 0.002 2
2459157.76732 15.178 0.003 2
2459158.73808 15.150 0.002 2
2459165.63104 15.174 0.002 2
2459165.63870 15.143 0.001 2
2459168.66023 15.176 0.001 2
2459169.75721 15.138 0.003 2
2459169.75866 15.139 0.002 2
2459170.65604 15.159 0.002 2
2459172.68248 15.160 0.002 2
2459173.75964 15.160 0.001 2
2459175.67422 15.180 0.008 2
2459189.60098 15.185 0.003 2
2459203.63373 15.167 0.002 2
2459340.97372 15.142 0.002 2
2459348.96987 15.155 0.002 2
2459354.96575 15.153 0.003 2
2459363.93146 15.143 0.003 2
2459371.93240 15.141 0.002 2
2459375.95296 15.123 0.002 2
2459378.95035 15.117 0.002 2
2459381.92787 15.144 0.003 2
2459384.80090 15.105 0.003 2
2459390.90532 15.100 0.002 2
2459393.92648 15.049 0.002 2
2459396.86699 14.988 0.002 2
2459399.86848 14.872 0.002 2
2459402.87193 14.670 0.003 2
2459405.91472 14.939 0.002 2
2459410.82465 14.853 0.002 2
2459415.73693 14.772 0.003 2
2459422.84891 14.554 0.002 2
2459425.84933 14.503 0.004 2
2459428.78599 14.346 0.002 2
2459434.89079 13.986 0.002 2
2459438.92986 13.911 0.002 2
2459442.76923 14.014 0.002 2
2459446.81532 14.249 0.002 2
2459449.78045 14.333 0.003 2
2459452.87908 14.511 0.002 2
2459458.80902 14.714 0.002 2
2459461.83255 14.800 0.002 2
2459464.70626 14.850 0.002 2
2459467.83143 14.912 0.002 2
2459471.68097 14.959 0.003 2
2459474.70111 14.997 0.002 2
2459477.70375 15.038 0.003 2
2459480.74006 15.030 0.003 2
2459483.83829 15.075 0.002 2
2459487.79296 15.078 0.002 2
2459491.82577 15.092 0.002 2
2459494.81741 15.124 0.003 2
2459497.83139 15.118 0.003 2
2459502.79212 15.121 0.003 2
2459509.78122 15.127 0.003 2
2459512.74644 15.159 0.002 2
2459521.68657 15.130 0.002 2
2459524.70268 15.128 0.002 2
2459527.68233 15.184 0.003 2
2459530.65472 15.143 0.002 2
2459538.62228 15.214 0.004 2
2459542.64179 15.164 0.002 2
