# Forced photometry light curve of ZTF18abktckv
# BJD mag mag_err PID
# 
2458228.98533 15.924 0.003 1
2458236.93080 15.894 0.008 1
2458242.94285 15.879 0.004 1
2458259.92730 15.874 0.004 1
2458263.94635 15.925 0.002 2
2458263.98144 15.933 0.005 2
2458266.96459 15.948 0.006 2
2458266.96552 15.942 0.005 1
2458266.98370 15.929 0.006 2
2458267.94586 15.936 0.007 2
2458267.98379 15.931 0.007 2
2458268.96471 15.912 0.005 2
2458269.95193 15.907 0.006 2
2458269.95288 15.904 0.006 1
2458269.96679 15.901 0.006 2
2458269.98228 15.911 0.008 2
2458272.90284 15.892 0.004 1
2458275.96437 15.906 0.002 1
2458277.87147 15.904 0.002 2
2458277.94703 15.902 0.002 2
2458277.97307 15.925 0.002 2
2458278.93111 15.911 0.002 1
2458279.87130 15.901 0.002 2
2458279.94984 15.899 0.002 2
2458279.96402 15.901 0.002 2
2458280.91125 15.903 0.002 2
2458280.92433 15.917 0.002 2
2458280.94330 15.890 0.002 2
2458281.90279 15.901 0.002 2
2458281.92901 15.912 0.002 2
2458281.92995 15.908 0.002 1
2458283.90720 15.879 0.002 2
2458283.92511 15.896 0.002 2
2458283.96041 15.921 0.002 2
2458284.89460 15.877 0.003 2
2458286.93598 15.904 0.002 2
2458286.94338 15.912 0.002 2
2458287.90329 15.934 0.002 1
2458288.91450 15.925 0.002 2
2458288.92409 15.938 0.003 2
2458289.89611 15.932 0.002 2
2458289.91704 15.919 0.002 2
2458289.92157 15.925 0.002 2
2458290.92425 15.909 0.002 1
2458290.92517 15.920 0.002 2
2458290.94397 15.904 0.002 2
2458291.92137 15.902 0.002 2
2458291.94458 15.906 0.002 2
2458292.92159 15.898 0.001 2
2458292.94280 15.894 0.002 2
2458293.94010 15.899 0.002 2
2458293.94400 15.898 0.002 2
2458294.88151 15.893 0.004 2
2458295.88186 15.918 0.005 2
2458295.94685 15.898 0.003 2
2458296.98212 15.916 0.005 1
2458297.94608 15.924 0.006 2
2458297.98586 15.914 0.007 2
2458299.98400 15.929 0.006 2
2458303.92342 15.890 0.003 2
2458303.92434 15.904 0.003 1
2458303.94279 15.905 0.003 2
2458304.94166 15.889 0.002 2
2458304.95846 15.901 0.002 2
2458304.98083 15.908 0.003 2
2458305.83344 15.900 0.002 2
2458305.94579 15.904 0.002 2
2458305.97952 15.915 0.003 2
2458307.84219 15.898 0.002 2
2458307.94791 15.879 0.002 2
2458310.84315 15.921 0.002 2
2458310.86495 15.949 0.002 2
2458310.86588 15.950 0.002 1
2458311.86096 15.918 0.002 2
2458312.96711 15.951 0.002 2
2458313.87415 15.897 0.002 2
2458313.94810 15.904 0.002 1
2458313.94903 15.895 0.002 2
2458314.88405 15.914 0.002 2
2458316.90234 15.929 0.002 2
2458318.90421 15.929 0.002 2
2458319.88101 15.900 0.003 2
2458319.88192 15.890 0.002 1
2458319.90264 15.898 0.002 2
2458321.92414 15.901 0.002 2
2458322.92728 15.900 0.002 1
2458322.92819 15.903 0.002 2
2458323.90392 15.936 0.004 2
2458324.92311 15.915 0.005 2
2458324.96283 15.927 0.003 2
2458325.91881 15.919 0.006 1
2458325.91972 15.912 0.005 2
2458325.92592 15.889 0.006 2
2458326.94866 15.921 0.006 2
2458326.98096 15.908 0.007 2
2458326.98621 15.910 0.006 2
2458328.94724 15.964 0.013 1
2458328.94917 15.893 0.010 2
2458329.90634 15.898 0.006 2
2458329.92439 15.901 0.006 2
2458329.94971 15.909 0.006 2
2458330.94811 15.911 0.005 2
2458330.98140 15.933 0.010 2
2458331.95470 15.890 0.004 2
2458331.95654 15.899 0.004 1
2458331.96919 15.898 0.004 2
2458331.99727 15.882 0.004 2
2458343.89785 15.891 0.002 1
2458346.82171 15.878 0.002 1
2458349.86935 15.893 0.002 1
2458349.87129 15.914 0.002 2
2458349.88607 15.918 0.002 2
2458349.90244 15.916 0.002 2
2458350.82033 15.927 0.003 2
2458350.84239 15.923 0.003 2
2458350.94026 15.891 0.002 2
2458351.91306 15.934 0.001 2
2458352.84375 15.929 0.003 2
2458352.86578 15.928 0.003 2
2458352.88762 15.910 0.003 2
2458352.88955 15.923 0.003 1
2458360.87484 15.933 0.005 2
2458360.88201 15.950 0.005 2
2458361.73056 15.926 0.004 2
2458361.88545 15.926 0.004 2
2458362.75432 15.929 0.003 2
2458362.77446 15.918 0.003 2
2458363.82009 15.914 0.003 2
2458363.85084 15.913 0.003 2
2458364.77594 15.923 0.002 1
2458364.77849 15.907 0.002 2
2458365.77620 15.896 0.002 2
2458365.78204 15.909 0.002 2
2458365.80124 15.901 0.002 2
2458366.75966 15.889 0.002 2
2458367.78008 15.906 0.002 2
2458367.79861 15.894 0.002 1
2458368.77557 15.890 0.002 2
2458368.86867 15.913 0.002 2
2458369.78305 15.892 0.001 2
2458369.80067 15.891 0.002 2
2458369.81933 15.896 0.002 2
2458370.73650 15.910 0.002 1
2458370.73742 15.907 0.002 2
2458371.75600 15.911 0.002 2
2458371.75855 15.905 0.002 2
2458371.84515 15.912 0.001 2
2458372.76053 15.902 0.002 2
2458372.78069 15.904 0.001 2
2458373.75906 15.905 0.002 2
2458373.75998 15.909 0.002 1
2458373.87000 15.911 0.002 2
2458374.73582 15.899 0.002 2
2458374.77346 15.912 0.002 2
2458374.79243 15.920 0.002 2
2458375.79120 15.898 0.002 2
2458375.80010 15.900 0.002 2
2458376.79335 15.889 0.002 1
2458376.79426 15.899 0.002 2
2458376.80231 15.907 0.002 2
2458376.81938 15.891 0.002 2
2458377.73622 15.897 0.002 2
2458377.76147 15.890 0.002 2
2458377.84812 15.902 0.002 2
2458378.80526 15.895 0.002 2
2458378.82562 15.902 0.002 2
2458378.84717 15.908 0.002 2
2458379.83385 15.912 0.002 1
2458379.83476 15.904 0.002 2
2458379.84420 15.901 0.002 2
2458379.86909 15.897 0.002 2
2458380.84505 15.887 0.002 2
2458380.87251 15.901 0.002 2
2458381.73472 15.898 0.004 2
2458381.73580 15.911 0.004 2
2458382.71508 15.892 0.004 2
2458382.73894 15.889 0.003 2
2458382.76623 15.902 0.004 1
2458382.76717 15.895 0.003 2
2458383.73462 15.890 0.005 2
2458383.73758 15.890 0.005 2
2458383.76107 15.915 0.005 2
2458384.75726 15.884 0.005 2
2458384.77668 15.903 0.006 2
2458384.80071 15.878 0.005 2
2458385.84514 15.892 0.006 1
2458385.85764 15.899 0.006 2
2458385.86098 15.894 0.007 2
2458385.89239 15.921 0.009 2
2458386.63176 15.888 0.006 2
2458386.68557 15.888 0.005 2
2458387.71681 15.900 0.004 2
2458387.74382 15.906 0.005 2
2458387.75608 15.911 0.005 2
2458388.63308 15.896 0.002 2
2458388.63403 15.898 0.002 1
2458388.67052 15.919 0.004 2
2458388.80296 15.909 0.004 2
2458389.65253 15.887 0.002 2
2458389.71183 15.908 0.003 2
2458390.65159 15.906 0.002 2
2458400.64774 15.897 0.002 2
2458400.76161 15.915 0.002 1
2458400.77587 15.910 0.002 2
2458400.77804 15.900 0.002 2
2458424.67426 15.926 0.003 2
2458425.63186 15.919 0.004 2
2458425.66613 15.929 0.004 2
2458425.67164 15.918 0.003 2
2458426.65316 15.900 0.004 2
2458426.68502 15.909 0.003 1
2458426.68651 15.913 0.003 2
2458426.70570 15.913 0.003 2
2458427.66443 15.917 0.003 2
2458427.67748 15.923 0.014 2
2458428.66948 15.922 0.002 2
2458428.67073 15.918 0.002 2
2458428.69218 15.917 0.002 2
2458429.66863 15.908 0.002 2
2458429.68749 15.926 0.002 1
2458429.68840 15.911 0.002 2
2458429.70637 15.920 0.002 2
2458430.64379 15.900 0.002 2
2458430.65264 15.907 0.002 2
2458431.60459 15.890 0.004 2
2458431.62554 15.907 0.003 2
2458431.72244 15.921 0.004 2
2458432.65160 15.915 0.002 1
2458432.65341 15.921 0.002 2
2458432.67200 15.922 0.002 2
2458433.64667 15.905 0.004 2
2458433.66734 15.922 0.003 2
2458433.67624 15.931 0.004 2
2458434.64086 15.917 0.003 2
2458434.66729 15.903 0.003 2
2458435.65306 15.897 0.003 1
2458435.66520 15.906 0.003 2
2458435.67505 15.921 0.003 2
2458435.69424 15.903 0.003 2
2458436.65022 15.920 0.004 2
2458436.66990 15.919 0.005 2
2458469.60938 15.918 0.003 1
2458472.66110 15.934 0.006 1
2458482.61994 15.918 0.004 1
2458488.63239 15.871 0.004 1
2458575.02315 15.951 0.029 1
2458594.00213 15.896 0.013 1
2458617.96623 15.899 0.002 1
2458628.96356 15.905 0.004 1
2458634.95137 15.897 0.002 1
2458637.95554 15.910 0.002 1
2458640.95150 15.901 0.002 1
2458643.94575 15.884 0.002 1
2458645.92567 15.900 0.002 2
2458645.94201 15.903 0.002 2
2458646.90896 15.910 0.002 2
2458646.92382 15.900 0.002 1
2458646.92475 15.881 0.002 2
2458646.94517 15.940 0.002 2
2458649.97022 15.904 0.002 1
2458652.96344 15.910 0.005 1
2458655.80284 15.901 0.006 1
2458658.96399 15.896 0.003 1
2458663.98218 15.900 0.003 2
2458665.96461 15.907 0.002 1
2458666.96588 15.896 0.002 2
2458667.93695 15.904 0.002 2
2458667.94285 15.894 0.002 2
2458668.94728 15.904 0.002 1
2458669.94670 15.910 0.001 2
2458669.97757 15.911 0.002 2
2458670.93763 15.914 0.001 2
2458670.94255 15.902 0.002 2
2458672.84462 15.901 0.002 2
2458672.92877 15.909 0.002 2
2458673.85754 15.907 0.002 2
2458673.96479 15.905 0.002 2
2458674.93054 15.909 0.002 2
2458674.93145 15.900 0.002 1
2458676.92826 15.893 0.002 2
2458678.92952 15.910 0.002 2
2458679.83984 15.899 0.005 2
2458680.95063 15.898 0.006 1
2458688.82749 15.903 0.003 2
2458688.96098 15.939 0.004 2
2458690.80657 15.886 0.002 1
2458691.80139 15.911 0.002 2
2458691.83172 15.882 0.002 2
2458691.94851 15.872 0.002 2
2458692.86249 15.888 0.002 2
2458693.80240 15.884 0.002 2
2458693.83027 15.895 0.002 2
2458693.83118 15.909 0.002 1
2458693.90766 15.903 0.002 2
2458695.88465 15.912 0.002 2
2458695.90157 15.917 0.002 2
2458695.92266 15.890 0.002 2
2458696.90920 15.915 0.001 1
2458696.91104 15.907 0.002 2
2458696.92306 15.900 0.002 2
2458697.98193 15.910 0.002 2
2458698.94803 15.896 0.002 2
2458699.93423 15.839 0.003 1
2458699.93513 15.891 0.002 2
2458699.94850 15.899 0.002 2
2458700.97925 15.897 0.002 2
2458701.87812 15.898 0.002 2
2458701.94698 15.892 0.003 2
2458703.83618 15.904 0.002 2
2458703.87621 15.907 0.002 1
2458703.87713 15.893 0.002 2
2458704.89495 15.897 0.002 2
2458704.90798 15.919 0.002 2
2458705.92096 15.915 0.002 2
2458706.93698 15.904 0.002 1
2458706.93789 15.904 0.002 2
2458706.94986 15.909 0.002 2
2458706.98483 15.908 0.002 2
2458707.90821 15.901 0.003 2
2458707.93546 15.907 0.003 2
2458707.96412 15.899 0.002 2
2458708.93237 15.911 0.004 2
2458708.95060 15.902 0.004 2
2458708.96943 15.910 0.003 2
2458709.94818 15.897 0.005 1
2458710.70120 15.880 0.008 1
2458711.70060 15.864 0.007 1
2458711.76293 15.886 0.006 2
2458714.70122 15.897 0.003 1
2458715.78551 15.880 0.003 1
2458716.80596 15.900 0.003 1
2458717.74921 15.919 0.003 2
2458717.78545 15.894 0.002 1
2458717.88735 15.898 0.003 2
2458718.80648 15.911 0.002 1
2458718.90544 15.915 0.003 2
2458719.74613 15.932 0.003 2
2458719.78613 15.895 0.002 1
2458719.81010 15.909 0.002 2
2458720.80563 15.909 0.002 1
2458720.90904 15.898 0.002 2
2458721.74952 15.920 0.003 2
2458722.78541 15.911 0.002 1
2458722.90975 15.890 0.002 2
2458723.80862 15.907 0.002 1
2458723.91882 15.891 0.002 2
2458723.92827 15.926 0.002 2
2458724.77682 15.879 0.002 2
2458724.80868 15.898 0.002 1
2458724.92988 15.908 0.002 2
2458725.78380 15.910 0.002 1
2458725.82430 15.899 0.002 2
2458725.87758 15.923 0.002 2
2458725.88487 15.899 0.002 2
2458726.78523 15.922 0.002 1
2458727.77043 15.890 0.002 2
2458727.80835 15.899 0.002 1
2458727.90743 15.903 0.002 2
2458730.78440 15.870 0.003 1
2458732.78294 15.862 0.003 1
2458732.80973 15.908 0.002 2
2458732.89128 15.907 0.002 2
2458732.90687 15.913 0.002 2
2458733.78252 15.895 0.003 1
2458733.82517 15.916 0.002 2
2458734.78381 15.897 0.003 1
2458734.88436 15.929 0.003 2
2458734.90212 15.918 0.002 2
2458735.78240 15.910 0.004 1
2458735.93140 15.905 0.003 2
2458736.79211 15.896 0.004 1
2458736.81611 15.911 0.004 2
2458737.80507 15.911 0.006 1
2458737.88113 15.910 0.006 2
2458737.94730 15.913 0.008 2
2458738.93718 15.895 0.008 2
2458740.63492 15.885 0.008 2
2458741.65113 15.904 0.004 2
2458742.63481 15.904 0.009 2
2458743.63439 15.918 0.002 2
2458743.89131 15.908 0.008 2
2458743.89222 15.910 0.008 1
2458746.64446 15.926 0.002 2
2458747.78480 15.905 0.002 2
2458747.78663 15.906 0.002 1
2458747.80932 15.891 0.003 2
2458747.83912 15.907 0.003 2
2458749.75564 15.917 0.002 2
2458749.83837 15.909 0.002 2
2458751.76703 15.915 0.002 2
2458754.76187 15.904 0.002 2
2458754.78100 15.903 0.002 2
2458754.78249 15.905 0.002 1
2458757.69491 15.911 0.002 2
2458758.84214 15.916 0.003 2
2458759.75953 15.908 0.002 2
2458760.84406 15.939 0.003 2
2458761.76003 15.903 0.002 2
2458761.77899 15.920 0.002 2
2458762.75781 15.921 0.003 2
2458762.77600 15.922 0.003 2
2458762.79782 15.918 0.002 2
2458763.63207 15.883 0.003 2
2458763.70910 15.925 0.003 2
2458764.75836 15.902 0.003 2
2458764.78213 15.904 0.004 2
2458765.75443 15.898 0.004 2
2458765.75542 15.907 0.004 2
2458765.77762 15.903 0.004 2
2458766.69795 15.910 0.005 2
2458766.74628 15.912 0.005 2
2458766.75356 15.905 0.005 1
2458766.76129 15.900 0.005 2
2458767.77034 15.907 0.012 2
2458768.75505 15.897 0.007 2
2458768.77708 15.896 0.006 2
2458769.70053 15.904 0.006 1
2458769.70144 15.897 0.005 2
2458769.74758 15.901 0.006 2
2458769.75825 15.904 0.005 2
2458770.68803 15.917 0.006 2
2458771.62709 15.890 0.005 2
2458771.68945 15.926 0.005 2
2458771.70490 15.910 0.006 2
2458773.62845 15.901 0.003 1
2458776.69068 15.914 0.002 1
2458779.69019 15.901 0.002 1
2458782.71670 15.910 0.002 1
2458788.68764 15.912 0.003 1
2458791.67575 15.913 0.003 1
2458791.67620 15.915 0.003 1
2458794.67474 15.912 0.004 1
2458795.64094 15.898 0.005 1
2458796.66702 15.893 0.005 1
2458797.64829 15.892 0.006 1
2458797.69726 15.894 0.005 1
2458798.64450 15.933 0.006 1
2458803.58813 15.881 0.014 1
2458811.59191 15.924 0.002 1
2458814.59596 15.959 0.005 1
2458820.63196 15.910 0.015 1
2458829.59333 15.876 0.010 1
2458833.61120 15.915 0.003 1
2458834.61712 15.916 0.004 2
2458836.62249 15.927 0.003 1
2458851.61032 15.911 0.012 1
2458861.59009 15.918 0.004 1
2458941.98469 15.916 0.005 1
2458964.97126 15.894 0.002 1
2458968.97265 15.883 0.002 1
2458972.97631 15.896 0.002 1
2458978.95079 15.890 0.009 1
2458981.96445 15.924 0.004 1
2458986.92989 15.903 0.002 1
2458992.96866 15.901 0.002 1
2458995.84896 15.899 0.003 1
2458998.92655 15.879 0.002 1
2459001.90640 15.895 0.004 1
2459010.96899 15.903 0.003 1
2459016.89028 15.916 0.007 1
2459019.84379 15.899 0.002 1
2459022.89809 15.904 0.002 1
2459025.85600 15.898 0.002 1
2459028.88752 15.909 0.002 1
2459031.84149 15.900 0.003 1
2459035.94516 15.882 0.005 1
2459038.98286 15.892 0.004 1
2459041.87755 15.885 0.003 1
2459044.84525 15.892 0.002 1
2459047.94880 15.885 0.002 1
2459050.88309 15.911 0.002 1
2459053.87668 15.893 0.001 1
2459056.92569 15.894 0.002 1
2459056.94124 15.898 0.002 1
2459057.89996 15.900 0.002 1
2459059.90232 15.904 0.002 1
2459060.85076 15.892 0.003 1
2459062.88621 15.900 0.004 1
2459062.91950 15.919 0.004 1
2459065.73661 15.908 0.007 1
2459066.89381 15.901 0.005 1
2459067.86431 15.892 0.004 1
2459068.96366 15.900 0.004 1
2459071.95432 15.903 0.002 1
2459072.84456 15.879 0.002 1
2459072.87575 15.885 0.002 1
2459073.87687 15.893 0.002 1
2459075.84278 15.898 0.002 1
2459075.89477 15.912 0.002 1
2459077.87150 15.902 0.002 1
2459078.86903 15.898 0.002 1
2459078.89377 15.872 0.003 1
2459081.82973 15.916 0.002 1
2459081.84943 15.901 0.002 1
2459082.83925 15.894 0.003 1
2459084.84625 15.922 0.002 1
2459087.85234 15.909 0.002 1
2459088.78949 15.911 0.004 1
2459089.78663 15.916 0.003 1
2459090.78690 15.911 0.004 1
2459091.80381 15.889 0.004 1
2459092.80438 15.893 0.005 1
2459094.72707 15.915 0.008 1
2459095.82619 15.905 0.006 1
2459096.67753 15.871 0.004 2
2459097.69494 15.903 0.004 2
2459097.85262 15.879 0.004 3
2459097.85355 15.902 0.005 1
2459097.94229 15.969 0.009 2
2459098.73409 15.890 0.003 2
2459099.86768 15.919 0.004 3
2459099.88514 15.894 0.004 2
2459106.67500 15.892 0.003 2
2459106.78361 15.923 0.003 1
2459106.79602 15.919 0.003 3
2459106.82082 15.921 0.003 2
2459107.69315 15.917 0.003 2
2459107.83015 15.898 0.003 3
2459107.83567 15.906 0.003 2
2459108.79018 15.902 0.003 2
2459108.80260 15.901 0.003 3
2459108.81043 15.924 0.002 2
2459109.69537 15.917 0.003 2
2459109.80260 15.908 0.003 2
2459109.80353 15.911 0.002 3
2459109.81278 15.898 0.002 1
2459110.67106 15.928 0.002 2
2459110.80187 15.912 0.005 2
2459110.80279 15.957 0.006 3
2459111.66949 15.903 0.002 2
2459111.82608 15.904 0.002 3
2459111.84164 15.902 0.002 2
2459112.67053 15.908 0.002 2
2459112.79014 15.904 0.002 1
2459112.79106 15.927 0.002 3
2459112.79817 15.911 0.002 2
2459112.81125 15.898 0.002 1
2459113.69730 15.917 0.002 3
2459113.87186 15.917 0.002 2
2459114.71119 15.905 0.002 2
2459114.71165 15.916 0.002 1
2459114.73369 15.932 0.002 2
2459114.73465 15.908 0.002 3
2459115.71853 15.894 0.002 2
2459115.75910 15.899 0.002 3
2459115.76050 15.917 0.002 1
2459115.76153 15.911 0.002 2
2459116.71589 15.897 0.002 2
2459116.78051 15.898 0.002 3
2459116.79469 15.905 0.002 2
2459117.76852 15.900 0.003 1
2459117.82713 15.903 0.002 3
2459117.82813 15.897 0.002 2
2459118.69464 15.888 0.003 2
2459118.87364 15.944 0.002 2
2459119.69702 15.893 0.004 2
2459119.72180 15.911 0.003 1
2459119.87002 15.903 0.004 2
2459120.71731 15.890 0.004 2
2459120.77866 15.914 0.005 1
2459120.83899 15.889 0.005 2
2459121.69183 15.888 0.005 2
2459121.77816 15.904 0.005 3
2459121.79661 15.910 0.005 1
2459121.90175 15.904 0.007 2
2459122.73836 15.919 0.006 2
2459122.77068 15.925 0.006 1
2459122.86012 15.901 0.008 2
2459123.69377 15.923 0.006 1
2459124.63351 15.906 0.006 2
2459124.65963 15.893 0.005 3
2459125.71876 15.920 0.004 3
2459125.72284 15.916 0.004 1
2459125.72896 15.899 0.004 1
2459125.88641 15.900 0.008 2
2459126.72858 15.898 0.004 1
2459127.67454 15.899 0.018 2
2459127.73051 15.939 0.008 1
2459127.73145 15.909 0.009 3
2459127.74162 15.906 0.006 2
2459128.68790 15.906 0.003 3
2459128.68940 15.902 0.003 2
2459128.82859 15.890 0.004 2
2459129.78686 15.901 0.003 3
2459129.78780 15.903 0.003 2
2459129.78874 15.909 0.003 1
2459129.86555 15.908 0.004 2
2459130.67645 15.910 0.002 3
2459130.67738 15.908 0.002 2
2459130.86601 15.912 0.004 2
2459131.69734 15.912 0.002 3
2459131.70763 15.905 0.002 1
2459131.82636 15.912 0.004 2
2459134.71892 15.898 0.002 3
2459134.72620 15.920 0.002 1
2459134.74319 15.903 0.002 2
2459135.59691 15.884 0.003 2
2459135.74378 15.894 0.002 2
2459135.74528 15.907 0.002 3
2459136.64130 15.896 0.002 2
2459136.72074 15.898 0.002 3
2459136.72872 15.908 0.002 1
2459136.84354 15.929 0.002 2
2459137.72877 15.917 0.002 3
2459137.72971 15.902 0.002 2
2459137.74068 15.895 0.002 2
2459138.70261 15.909 0.002 3
2459138.70355 15.897 0.002 1
2459138.70449 15.913 0.002 2
2459138.71929 15.909 0.002 2
2459139.70194 15.910 0.002 2
2459139.70288 15.896 0.002 3
2459139.72096 15.912 0.002 2
2459140.66150 15.914 0.002 2
2459140.69765 15.913 0.002 1
2459140.69863 15.902 0.002 3
2459140.69963 15.904 0.002 2
2459141.72336 15.938 0.006 3
2459141.72429 15.894 0.010 2
2459141.80301 15.882 0.002 2
2459142.62907 15.898 0.002 2
2459143.68653 15.910 0.002 2
2459143.69941 15.892 0.002 3
2459143.70132 15.925 0.002 2
2459144.63522 15.911 0.002 2
2459144.68221 15.912 0.004 2
2459144.68365 15.926 0.004 1
2459144.68463 15.919 0.004 3
2459145.71661 15.893 0.002 2
2459145.71977 15.907 0.002 3
2459145.78381 15.904 0.002 2
2459146.64335 15.909 0.036 3
2459146.64431 15.905 0.018 1
2459146.64525 15.900 0.015 2
2459149.67712 15.900 0.005 2
2459149.74111 15.904 0.007 1
2459149.74205 15.930 0.007 3
2459149.81964 15.910 0.009 2
2459150.68284 15.905 0.004 2
2459150.68384 15.908 0.005 3
2459150.73700 15.911 0.005 2
2459151.65492 15.902 0.004 1
2459151.66509 15.896 0.005 3
2459152.62803 15.903 0.004 2
2459152.82274 15.919 0.011 2
2459153.65793 15.902 0.004 1
2459153.66617 15.889 0.005 2
2459153.74144 15.912 0.005 2
2459154.78321 15.901 0.007 3
2459154.78415 15.889 0.007 2
2459154.81639 15.908 0.008 2
2459155.64882 15.915 0.004 2
2459155.65214 15.900 0.004 3
2459155.66354 15.899 0.004 1
2459155.77305 15.878 0.005 2
2459156.61893 15.903 0.002 3
2459156.61986 15.904 0.003 2
2459158.68444 15.912 0.003 3
2459158.68593 15.929 0.003 2
2459158.68687 15.895 0.003 1
2459158.77541 15.897 0.006 2
2459164.70724 15.907 0.003 2
2459164.70818 15.906 0.003 3
2459164.70912 15.922 0.003 1
2459164.75997 15.924 0.005 2
2459165.65897 15.909 0.002 3
2459165.65995 15.911 0.002 2
2459165.69960 15.896 0.002 2
2459167.65391 15.905 0.002 3
2459167.65486 15.924 0.002 2
2459167.65579 15.905 0.002 1
2459168.66231 15.898 0.002 2
2459168.66278 15.896 0.002 3
2459168.70255 15.899 0.002 2
2459169.61048 15.910 0.002 3
2459169.61866 15.903 0.002 2
2459169.61960 15.917 0.002 1
2459169.73629 15.922 0.003 2
2459170.66289 15.905 0.002 3
2459170.70118 15.911 0.002 2
2459171.63270 15.893 0.002 3
2459171.63367 15.896 0.002 2
2459172.59953 15.915 0.002 2
2459172.61291 15.901 0.002 3
2459172.73472 15.917 0.003 2
2459173.63358 15.903 0.003 2
2459173.67578 15.903 0.005 3
2459174.63952 15.915 0.003 3
2459174.64046 15.902 0.003 2
2459175.58206 15.915 0.004 2
2459175.59322 15.916 0.003 1
2459175.59416 15.907 0.003 3
2459176.64411 15.873 0.018 3
2459177.61460 15.901 0.004 3
2459177.61561 15.898 0.004 2
2459178.62059 15.906 0.004 3
2459178.62152 15.889 0.003 2
2459179.63517 15.899 0.003 2
2459179.65680 15.920 0.004 1
2459179.65774 15.889 0.003 3
2459179.73622 15.915 0.006 2
2459180.63581 15.913 0.006 2
2459180.65812 15.922 0.007 3
2459180.72471 15.919 0.013 2
2459181.64285 15.911 0.006 2
2459181.65632 15.907 0.006 3
2459181.66302 15.902 0.008 1
2459181.72546 15.954 0.010 2
2459182.63962 15.914 0.005 2
2459183.63763 15.913 0.008 2
2459183.64507 15.945 0.008 1
2459185.60069 15.910 0.003 1
2459185.60162 15.909 0.003 3
2459185.60257 15.900 0.003 2
2459186.64258 15.904 0.005 3
2459187.59842 15.914 0.003 3
2459187.59941 15.915 0.002 2
2459188.63617 15.899 0.003 3
2459189.61695 15.908 0.003 3
2459189.61882 15.911 0.002 1
2459193.63846 15.853 0.007 3
2459195.63891 15.911 0.006 3
2459197.60109 15.918 0.009 3
2459197.60251 15.948 0.022 1
2459198.60170 15.918 0.002 3
2459199.65456 15.920 0.005 3
2459199.65550 15.927 0.005 1
2459200.65384 15.914 0.016 3
2459202.65710 15.904 0.005 1
2459202.66514 15.911 0.005 3
2459203.65388 15.941 0.005 3
2459204.59786 15.894 0.004 1
2459205.60090 15.892 0.003 3
2459206.62280 15.933 0.019 1
2459210.63869 15.963 0.010 1
2459215.66351 15.929 0.013 1
2459215.66444 15.973 0.014 3
2459220.64254 15.910 0.005 1
2459221.63674 15.920 0.012 3
2459320.95286 15.914 0.003 1
2459322.95275 15.879 0.003 1
2459325.94278 15.900 0.003 1
2459331.98261 15.880 0.010 1
2459336.95581 15.878 0.004 1
2459339.92812 15.893 0.002 1
2459342.97113 15.892 0.002 1
2459345.93193 15.891 0.002 1
2459348.94852 15.878 0.002 1
2459352.96885 15.891 0.002 1
2459356.94919 15.886 0.002 1
2459359.96430 15.863 0.004 1
2459362.93029 15.874 0.004 1
2459365.94695 15.869 0.004 1
2459367.95060 15.864 0.003 1
2459368.94880 15.877 0.002 2
2459369.90762 15.870 0.002 1
2459371.91223 15.870 0.002 1
2459374.90921 15.865 0.002 1
2459376.88470 15.861 0.002 1
2459379.92578 15.851 0.002 1
2459384.89862 15.860 0.002 1
2459387.86736 15.848 0.005 1
2459391.93648 15.799 0.004 1
2459393.84323 15.797 0.004 1
2459395.89892 15.742 0.004 1
2459397.94330 15.717 0.002 1
2459400.89760 15.328 0.003 1
2459402.84573 15.449 0.003 1
2459404.88672 15.638 0.003 1
2459406.88981 15.415 0.005 1
2459408.87614 15.634 0.003 1
2459410.95258 15.640 0.003 1
2459412.95555 15.602 0.002 1
2459415.94483 15.515 0.003 1
2459418.94104 15.449 0.006 1
2459424.80767 15.213 0.003 1
2459426.83556 15.124 0.003 1
2459428.81632 15.020 0.003 1
2459430.82731 14.914 0.002 1
2459435.89029 14.669 0.002 1
2459438.88709 14.595 0.002 1
2459440.78368 14.629 0.002 1
2459442.81824 14.719 0.002 1
2459450.91602 15.144 0.005 1
2459453.72621 15.260 0.003 1
2459455.74713 15.328 0.003 1
2459459.78360 15.468 0.002 1
2459461.71756 15.521 0.003 1
2459463.72374 15.571 0.003 1
2459465.81586 15.610 0.002 1
2459467.70044 15.642 0.003 1
2459471.78594 15.707 0.003 1
2459473.87910 15.732 0.002 1
2459476.76999 15.753 0.005 1
2459478.81478 15.760 0.006 1
2459480.81586 15.776 0.004 1
2459485.76251 15.829 0.003 1
2459487.72271 15.830 0.002 1
2459489.74536 15.830 0.002 1
2459491.76930 15.851 0.003 1
2459497.85613 15.868 0.005 1
2459502.73997 15.882 0.004 1
2459504.73114 15.889 0.008 1
2459510.71762 15.943 0.005 1
2459517.67493 15.887 0.002 1
2459520.68560 15.887 0.002 1
2459522.72064 15.885 0.002 1
2459524.66402 15.891 0.002 1
2459526.70940 15.887 0.002 1
2459529.71992 15.889 0.003 1
2459531.70567 15.917 0.005 1
2459537.70135 15.872 0.010 1
2459540.74213 15.903 0.007 1
2459542.61824 15.918 0.002 2
2459543.65788 15.928 0.004 1
2459550.67886 15.956 0.003 2
